.117868285
.116829640
.112834842
.112445064
.111307669
.120084169
.132638493
.112877484
.113817091
.110983093
.111386000
.110296939
.110365197
.120234087
.112582308
.113788051
.115002910
.116320922
.111954242
.112642042
.111047619
.120570469
.109656844
.593841737
.118062984
.114403905
.649009888
.147732533
6.006656023
.158807540
.186502848
.178022109
.155392379
.116208131
.112344439
.394036131
.112955662
.114108258
.111409148
.111818274
.112363872
.120887045
.111948449
.108273614
.110796788
.113283139
.110617260
.109925949
.111507832
.117612898
.115069045
.112607670
.112132113
.112441123
.118876785
.112259328
.112142212
.110851028
.126375603
.117015255
.274610396
.116221752
.111154393
.110871441
.112374684
.123702403
.110196616
.111599241
.120413371
.116525329
.121159730
.110933009
.111016380
.121977739
.111410373
.111306834
.117733388
.114225723
.111670879
.119430263
.116133939
.120411546
.114264395
.119015472
.112501932
.117063923
.115413107
.114228621
.111599255
.116505549
.114856075
.111848550
.110219680
.117861775
.115113050
.113085921
.111999216
.124332351
.109679173
.337957594
.118348479
.112611892
.152445850
.166575346
.112232385
.117067436
.114277587
.111613911
.110817146
.111699603
.111909380
.121108781
.110464563
.113398662
.109698347
.111552935
.109804507
.503707447
.848308612
.134782981
.119782757
.111279926
.109175119
.119419470
.116369930
.109864312
.110372566
.111136287
.120355887
.113850895
.109235919
.111526424
.111184336
.110183757
.110449664
.109744771
.115818348
.109832187
.110756140
.110031639
.109998873
.111618065
.123336125
.110501726
.112279321
.140283874
.115219123
.203077296
.133105461
.115447224
.110903364
.109667372
.112955351
.111454907
.110463783
.110414119
.110668633
.111225130
.111510760
.113120323
.118678540
5286.947183342
.132919676
.119272856
.114607469
.119262428
.108006265
.113269914
.148403997
.119985177
2.624340394
.115751059
.109195201
.112338351
.111026393
.111432205
.111337134
.110849575
.114752666
.120728249
.118381512
.113937586
.112183879
.109073130
.113275816
.113408495
.110459050
.114697646
.112705256
.116802552
.108202455
.110272386
.110451424
.117730856
.114875283
.113894940
.120452594
.113371978
.112228438
.110473127
.111583740
.111022330
.111492037
.110573792
.120161999
.112368466
.112428245
.126751974
3.676350940
.130634518
.113760595
.114900518
.243890480
.112658827
.110935848
.110778635
.124359592
.112266088
.110354586
.110153570
.112267375
.109684550
.111342191
.110949318
.114640921
.252943209
.112492902
.131766400
.150006147
.109463650
.126285097
.118468246
.111065509
.112206826
.111951815
.110949710
.110125172
.111594535
.111585680
.119004891
.112887863
.109692614
.113184006
.111837382
.110294118
.110868038
.109231123
.113611533
.110627880
.110612460
.110018832
.109841970
.112591221
.111452972
.110147927
.110616573
.121657388
.112361899
.110918190
.110019573
.134495208
.110782413
.113803058
.109356524
.111016880
.111957158
.110243397
.112030973
.110851695
.111487482
.113223378
.116997749
.117855900
.120738851
.109840470
.126847997
.118710982
.112243423
.110661064
.111412845
.116376189
.114124570
.112794833
.111954190
.110282153
.111995065
.110306747
.110167305
.111246420
.113623757
.116243670
.120958581
.112262276
.116193008
.111434032
.110592770
.112352735
.113516586
.110392123
.112361732
.133684463
.110051127
.111439812
.112618496
.110838636
.114259225
.107406797
.112205330
.112901913
.172930110
.119341369
.111170846
.113086045
.121703533
.110434515
.113706877
.116494873
.112230787
.130741853
.113029594
.112544132
.115209355
.110529295
.111472640
.108827920
.111346346
.111875248
.109292122
.111214571
.111442975
.121472195
.111566169
.111416216
.111562333
.111314206
.111905062
.115062973
.117423691
.113120533
.121367286
.125088670
.123496894
.109498017
.165535737
.116803127
.517705722
.693469330
.126654409
.129281505
.122868763
.132815445
.116317746
.112406542
.111087650
.113531211
.112605840
.119822200
.120783618
.112770237
.110560275
.110914125
.628315535
.120209159
.122835134
.630582536
.109443937
.120989638
.111574668
.110678447
.117182856
.115319590
.113176981
.109847962
.110354185
.115002760
.116364720
.117044981
.109002322
.109219902
.111983038
.110071106
.111339227
.116337350
.114388271
.111951558
.113525524
.113005825
.108652507
.115531388
.165859358
.138417115
.130324489
.131377007
.997557964
.169120651
.117457715
.117229828
.120460251
.125425275
.115257246
.113389692
.161207512
.184255083
.119087891
.108329024
.112537320
.122137460
.111266537
.113163599
.120523473
.113567581
.116111490
.112981337
.216978062
.115044483
.112365635
.238562446
.114463507
.118524095
.113620220
.110477028
.110382849
.111457028
.117982883
.115905538
.113280001
.119384853
.112535330
.109795510
.130397782
.278935156
.117527610
.109615364
.116747480
.117279325
.117661128
.112759255
.111228745
.128420290
.141629764
.129945629
.131528604
.116398017
.111885333
.111467920
.111669928
.115335950
.118551691
.110979752
.111497552
.112330953
.128191734
.150276408
.856933102
.572654575
.117929358
.110290160
.111231669
.119352384
.116119099
.110198553
.420853395
.111385857
.109238468
.112408422
.117662167
.113092671
.112529392
.110648885
.111323747
.111168546
.113632242
.115844169
.115020277
.117362638
.120504244
.118735459
.111736531
.109838579
.160461591
.127023930
.116864771
.112745836
.111434565
.110320379
.111923070
.117307233
.113362454
.122599291
.111919997
.112557186
.118237276
.121134757
.112479447
.113125394
.108466155
.116615401
.111567349
.116639433
.119925364
.122142285
.122048411
.114499155
.114286282
.115489002
.107689389
.111672687
.110848665
.112025261
.111160952
.109739409
.113151395
.111394820
.118582447
.112546851
.112982964
.110857167
.109973332
.110614585
.111683033
.111514345
.119303976
.113025159
.111313523
.110731837
.111752892
.110893016
.117994052
.111815448
.114901122
.109788021
.111096242
.109846569
.111607835
.111520262
.109707574
.112257678
.111714033
.121501967
.125112612
.128404311
.127535606
23.114539320
.157638143
.152091817
.116510222
.111670120
.292037801
.163928535
.153487808
.110238815
.112791425
.111643987
.110505117
.110620316
.110969813
.110187001
.120632944
.113041046
.111578932
.111333014
.112139419
.113280589
.110837525
.109652811
.119830137
.113397726
.197431738
.111825326
.119656339
.110872462
.174411667
.119792606
.113677427
.110492240
.227372515
.111894281
.112414572
.110998098
.116412747
.116371734
.112471337
.112192326
.114360487
.346128864
2.595663591
.120090980
.111568931
.111473570
.119618715
.113036575
.111587136
.112656818
.118702970
.123840282
.112348054
.110582653
.111521185
.118485479
.112857128
.111586906
.112043093
.119817681
.112383552
.111411192
.110892651
.111494194
.111802842
.582832060
.117465725
.110676754
.193041112
.111018797
.111668558
.111377297
.111953477
.114501210
.117214882
.112263134
.111668724
.112517672
.111003868
.110996881
.167958407
.134313771
.133625719
.113934559
.112131231
.112848757
.112087414
.110253831
.108145466
.182166344
.155388647
.112806217
.195839994
.113542400
.108660970
.113802356
.119446125
.112548817
.111964596
.112506404
.129495057
2.695928950
.704599452
.344095343
.124277314
.113937544
.118517156
.417959195
.410823312
.129271118
.122799585
.115277344
.111835344
.112911336
.154996595
.117144750
.120841808
.118212892
.112146571
.113068896
.115205054
.116335407
.115655083
.121326062
.125838965
.116210117
.114937181
.112970819
.124296955
.115578100
.159798333
.111659849
.120074839
.112706713
.111482704
.112030131
.110185019
.111517531
.111290847
.111558601
.116735009
.115852800
.111198989
.110856841
.112882969
.215739286
.111977946
.110405452
.125283450
.111165059
.111311032
.107894719
.110767771
.111614404
.110098911
.112369006
.121984978
.112861262
.110630732
.111788487
.110022024
.112139309
.112354434
.109799378
.117839603
.112997583
.112486890
.110185749
.111186992
.114561876
.125443376
.194746062
.117839596
.112562403
.120051060
.110999432
.110508035
.110155710
.139990059
.212465142
.650019111
.626617144
.143125661
.641978314
.111801477
.115499664
.119242893
.109791536
.111529029
.109660294
.111715423
.112602169
.115135651
.117915342
.118325092
.118202788
.402753752
.116275087
.112447126
.122365704
.119337124
.112045976
.112839271
.120025516
.108895912
.114324747
.111987095
.121172300
.122514730
.121825243
.109349205
.110597038
.113234318
.110211953
.109860775
.110975466
.113930307
.117351120
.113329968
.111484874
.110217593
.113606097
.110031496
.110166278
.116811464
.116153894
.112335666
.111413974
.109582580
.110403691
.112581286
.110572573
.117888248
.123974254
.112261523
.112197575
.116129089
.115162473
.113504991
.621495910
.124429487
.112629815
.112058160
.122011122
.110411640
.109750323
.111777472
.109647783
.113884279
.117304287
.113497424
.110938573
.109596365
.112539927
.112221981
.109715231
.114509136
.117648941
.113821994
.141020852
.588655282
.729668243
.192280564
.118546546
.116501195
.111194906
.114024427
.110128791
.111091059
.118962139
.119741626
.115371787
.122606884
.115195842
.122878310
.351553009
.116512271
.123788111
.120613298
.109762215
.119423678
.128555162
.131074475
.115676381
.126447120
.127257618
.117431643
.109226309
.110284728
.122836651
.116062879
.120122399
.115653745
.115267794
.110926013
.110935274
.109439001
.113355744
.117178382
.144324899
.115514785
.117794949
.117828533
.110422102
.113592211
.109986643
.114275122
.116684897
.111383504
.113043257
.119940170
.111134912
.110182083
.109731952
.113253234
.110346982
.112076984
.110440755
.133942934
.112362464
.110640890
.110625370
.111948128
.110334138
.115003004
.123682789
.116239622
.112461716
.110173481
.110663666
.117657884
.118761599
.114504394
2.949298680
3.008594604
.153711338
.113564308
